0 0.344380 0.220180 0.052600 0.115960
1 0.040980 0.317940 0.049880 0.071480
0 0.301220 0.584940 0.087640 0.057960
0 0.254720 0.665180 0.083600 0.051240
0 0.202780 0.805420 0.052600 0.089000
0 0.447520 0.549880 0.086320 0.063360
0 0.582360 0.622680 0.083600 0.074160
0 0.556760 0.896420 0.048560 0.066040
0 0.651140 0.828320 0.070120 0.067440
0 0.754300 0.946980 0.076840 0.070120
0 0.914760 0.807420 0.082240 0.057960
1 0.910720 0.774400 0.033680 0.037760
1 0.983640 0.712360 0.032720 0.048560
1 0.988060 0.646960 0.023880 0.066080
0 0.898580 0.546500 0.055320 0.067400
0 0.941060 0.531660 0.024280 0.070120
0 0.965320 0.529640 0.029680 0.076880
0 0.982660 0.551880 0.034680 0.083600
0 0.982660 0.470980 0.034680 0.059320
0 0.979300 0.390760 0.041400 0.039120
0 0.572260 0.283560 0.082280 0.062000
0 0.652500 0.344240 0.040440 0.072800
0 0.652480 0.191200 0.091680 0.055280
0 0.889820 0.223540 0.070120 0.079560
0 0.860820 0.336820 0.084920 0.055320
0 0.871620 0.371200 0.098440 0.037760
