0 0.538922 0.086797 0.072250 0.039750
0 0.598531 0.114797 0.065031 0.047875
0 0.744844 0.030750 0.036125 0.061500
0 0.926844 0.053828 0.035219 0.065031
0 0.915773 0.225437 0.066391 0.037937
0 0.867453 0.237625 0.025750 0.068656
0 0.903813 0.265625 0.054187 0.054188
0 0.779844 0.242820 0.070906 0.038391
0 0.771266 0.281648 0.056438 0.064578
0 0.657469 0.352555 0.040187 0.066391
0 0.678922 0.425484 0.054188 0.065031
0 0.496250 0.493680 0.076312 0.031609
0 0.480219 0.546281 0.044250 0.069094
0 0.593117 0.525062 0.061422 0.049219
0 0.592664 0.635250 0.048766 0.070906
0 0.210164 0.734820 0.039734 0.057797
0 0.159586 0.715633 0.032516 0.075422
0 0.123914 0.710219 0.038828 0.069094
0 0.356711 0.739109 0.071797 0.042906
0 0.203172 0.821984 0.070000 0.029813
0 0.145141 0.875492 0.067750 0.042891
0 0.033594 0.930594 0.065938 0.032969
0 0.042625 0.954070 0.073156 0.030266
0 0.043078 0.980258 0.070438 0.028453
0 0.197977 0.979633 0.049672 0.040734
0 0.211070 0.890164 0.070453 0.032516
0 0.308391 0.909133 0.070000 0.031609
0 0.354680 0.888820 0.056891 0.050578
0 0.416547 0.777047 0.073156 0.023938
0 0.442516 0.809336 0.032063 0.070453
0 0.500539 0.760570 0.038828 0.077672
0 0.539375 0.687406 0.060500 0.046063
0 0.587016 0.714273 0.051938 0.064578
0 0.609820 0.698695 0.050578 0.048766
0 0.636922 0.730078 0.024375 0.058250
1 0.728586 0.982789 0.058703 0.034422
1 0.773297 0.960617 0.065031 0.038828
1 0.805594 0.979406 0.050125 0.041188
0 0.803328 0.934875 0.056438 0.037938
1 0.818453 0.898523 0.063219 0.040203
0 0.847359 0.926297 0.057813 0.057813
1 0.907422 0.990922 0.026187 0.018156
1 0.928648 0.992273 0.021672 0.015453
1 0.965680 0.833039 0.068641 0.035672
1 0.978094 0.678602 0.039281 0.035672
1 0.713688 0.552156 0.057813 0.057344
1 0.758172 0.521672 0.077219 0.035219
1 0.866328 0.500898 0.063219 0.050578
1 0.886422 0.591672 0.037469 0.064125
1 0.920063 0.560508 0.037937 0.066828
0 0.951680 0.568187 0.038828 0.071344
0 0.924578 0.509938 0.057813 0.056906
1 0.928422 0.486906 0.051937 0.055094
1 0.985547 0.503836 0.028906 0.047422
0 0.948063 0.439031 0.037031 0.065031
0 0.979906 0.428422 0.040188 0.060063
0 0.909906 0.378289 0.032969 0.064578
0 0.941742 0.397266 0.055984 0.050125
0 0.895453 0.310781 0.060062 0.056906
0 0.907195 0.331781 0.050141 0.061875
0 0.936094 0.348711 0.023937 0.069547
0 0.053016 0.617188 0.072250 0.051938
0 0.160492 0.569773 0.058703 0.045609
0 0.189852 0.501352 0.058703 0.054203
0 0.218969 0.507898 0.059156 0.043797
0 0.221234 0.184109 0.060969 0.047406
0 0.238398 0.199242 0.063672 0.051484
0 0.272711 0.266070 0.027547 0.070453
1 0.442734 0.976242 0.037031 0.047516
1 0.229180 0.064977 0.034672 0.026016
1 0.029758 0.252859 0.046828 0.059313
1 0.185781 0.235141 0.045156 0.067281
1 0.304328 0.329977 0.049219 0.057359
1 0.005281 0.667539 0.010562 0.020766
1 0.200687 0.541992 0.072250 0.042453
1 0.246070 0.624867 0.067297 0.036578
1 0.353773 0.486445 0.065922 0.039734
1 0.409766 0.413070 0.027094 0.064578
1 0.424219 0.260875 0.061406 0.041094
1 0.988938 0.172602 0.022125 0.030703
1 0.896133 0.175531 0.035234 0.070906
1 0.588148 0.430906 0.050578 0.064125
1 0.497609 0.621469 0.049219 0.064125
1 0.046922 0.730086 0.066375 0.047422
1 0.319453 0.770047 0.027094 0.037938
1 0.139945 0.980312 0.029359 0.039375
1 0.266172 0.921102 0.074063 0.047422
1 0.302750 0.969695 0.037031 0.060609
1 0.464187 0.814305 0.032062 0.066828
1 0.549539 0.665953 0.065484 0.042906
1 0.654086 0.702313 0.041547 0.066844
1 0.720688 0.707055 0.032969 0.073609
1 0.699016 0.786078 0.034781 0.066375
1 0.716172 0.833945 0.029344 0.030266
1 0.608695 0.948422 0.069984 0.034313
1 0.592437 0.965359 0.048313 0.025750
0 0.251484 0.307398 0.060969 0.045609
0 0.337297 0.368586 0.068187 0.025297
0 0.281750 0.412391 0.059156 0.056000
0 0.303875 0.452359 0.070000 0.023937
0 0.297102 0.481938 0.061859 0.037031
0 0.468023 0.401781 0.058703 0.050125
0 0.418125 0.522133 0.042906 0.059609
0 0.375906 0.132859 0.054188 0.056906
0 0.383586 0.226109 0.059609 0.042906
0 0.441383 0.236266 0.066828 0.028000
0 0.458773 0.209180 0.065484 0.040641
0 0.507313 0.204883 0.036125 0.070891
0 0.029672 0.459805 0.059344 0.048766
