0 0.076720 0.446060 0.064720 0.098440
0 0.141420 0.282880 0.089000 0.058000
0 0.200100 0.201300 0.090360 0.059320
0 0.373360 0.168260 0.110560 0.063400
0 0.521680 0.257940 0.094400 0.086280
0 0.472460 0.573480 0.052600 0.086320
0 0.587100 0.496620 0.095720 0.086280
0 0.292460 0.700900 0.099800 0.057960
0 0.203460 0.906540 0.056600 0.099800
0 0.402360 0.897100 0.052560 0.067400
1 0.434720 0.888340 0.031040 0.049880
0 0.547320 0.870140 0.048560 0.107880
0 0.586420 0.853940 0.043160 0.097080
0 0.603940 0.897780 0.048520 0.087640
0 0.556080 0.973500 0.093040 0.053000
0 0.616760 0.971480 0.049920 0.057040
0 0.656520 0.955760 0.075520 0.063360
0 0.679460 0.977540 0.094360 0.044920
0 0.690260 0.635500 0.089000 0.080920
0 0.965800 0.868100 0.068400 0.071480
1 0.984020 0.883600 0.031960 0.045840
0 0.969180 0.937560 0.061640 0.072800
0 0.884420 0.492560 0.086280 0.072800
1 0.893180 0.455480 0.052600 0.036400
0 0.973900 0.403560 0.052200 0.056640
0 0.984020 0.314560 0.031960 0.075520
0 0.881040 0.184440 0.063360 0.084960
0 0.927580 0.173660 0.035080 0.093080
0 0.963980 0.170960 0.040440 0.082240
0 0.981320 0.199960 0.037360 0.091680
0 0.984680 0.115660 0.030640 0.079560
1 0.980640 0.038820 0.038720 0.057960
