0 0.383540 0.141140 0.035960 0.079800
1 0.019840 0.011300 0.039680 0.022600
0 0.082360 0.070360 0.094400 0.043840
0 0.114960 0.133840 0.076400 0.042720
0 0.023940 0.129920 0.044920 0.073040
0 0.025460 0.191160 0.050920 0.071920
0 0.079560 0.194520 0.073040 0.044960
0 0.152040 0.227100 0.049440 0.067400
0 0.217200 0.205200 0.071920 0.041600
0 0.089100 0.249580 0.060680 0.062920
0 0.084620 0.297340 0.087640 0.041560
0 0.066640 0.353520 0.076400 0.046080
0 0.152600 0.370940 0.043840 0.078680
0 0.229020 0.348460 0.068520 0.062920
0 0.049800 0.475440 0.094400 0.051680
0 0.312740 0.444540 0.058440 0.077560
0 0.332400 0.372060 0.046080 0.083160
0 0.366680 0.358020 0.044960 0.079800
0 0.391400 0.336100 0.049440 0.060680
0 0.112720 0.590060 0.053920 0.083160
0 0.086300 0.650180 0.052840 0.075320
0 0.028440 0.667040 0.042720 0.093280
0 0.010840 0.074840 0.021680 0.079760
0 0.241940 0.701300 0.060680 0.080920
0 0.266100 0.732760 0.077560 0.051680
0 0.023200 0.782200 0.046400 0.074160
0 0.060460 0.796260 0.039320 0.075320
0 0.100920 0.771540 0.068560 0.084280
0 0.153740 0.787840 0.057320 0.078640
0 0.199800 0.789520 0.039360 0.082000
0 0.235760 0.816480 0.041600 0.091040
0 0.075620 0.889520 0.087640 0.050560
1 0.134060 0.979880 0.056200 0.040240
0 0.405440 0.953580 0.048320 0.079800
0 0.468940 0.975380 0.038200 0.049240
1 0.438580 0.983240 0.040440 0.033520
0 0.487460 0.768180 0.041560 0.082040
0 0.541400 0.697360 0.057280 0.068560
0 0.537480 0.774360 0.076400 0.047200
0 0.544220 0.823220 0.080920 0.039320
0 0.553200 0.870440 0.053920 0.073040
0 0.590860 0.924360 0.039320 0.093280
0 0.626240 0.901320 0.038240 0.076400
0 0.616680 0.969760 0.048320 0.060480
0 0.661640 0.932220 0.055040 0.079800
0 0.740300 0.972020 0.070760 0.055960
0 0.749840 0.949080 0.042720 0.041600
0 0.772900 0.923240 0.059560 0.073040
0 0.598700 0.763120 0.039320 0.074160
0 0.636360 0.796260 0.053920 0.077560
0 0.606020 0.826020 0.058440 0.060680
0 0.635780 0.714240 0.064040 0.073040
0 0.754900 0.713100 0.057320 0.082040
0 0.353760 0.606340 0.070800 0.064040
0 0.404320 0.629940 0.075280 0.066280
0 0.643660 0.512520 0.095480 0.051680
0 0.775120 0.500160 0.052800 0.080880
0 0.567820 0.275440 0.042680 0.096640
0 0.474540 0.037700 0.065160 0.075400
0 0.465560 0.137780 0.049440 0.064040
1 0.703220 0.027020 0.057320 0.054040
1 0.911660 0.115860 0.071880 0.056200
1 0.524540 0.065280 0.064040 0.049440
1 0.633560 0.315880 0.046080 0.056160
1 0.523420 0.503540 0.041560 0.038200
1 0.211640 0.418700 0.038320 0.028120
0 0.180700 0.397920 0.041560 0.049440
1 0.245300 0.136080 0.035960 0.040480
1 0.332400 0.805800 0.039360 0.047200
1 0.168900 0.894020 0.051720 0.046040
1 0.013660 0.930540 0.027320 0.071880
1 0.258800 0.986620 0.056160 0.026760
1 0.367800 0.990560 0.044960 0.018880
1 0.166660 0.195660 0.033720 0.035960
