0 0.436340 0.880760 0.050600 0.059520
0 0.453200 0.860540 0.048320 0.057320
0 0.357120 0.940320 0.044960 0.066320
0 0.484660 0.945380 0.039320 0.062920
0 0.508820 0.964480 0.044920 0.056160
0 0.560500 0.981120 0.065160 0.037760
0 0.612760 0.971560 0.043840 0.056880
0 0.416660 0.675120 0.033720 0.070800
0 0.409920 0.602100 0.071920 0.037080
0 0.452060 0.619500 0.057320 0.051720
0 0.469480 0.657140 0.029200 0.066280
0 0.495340 0.652080 0.035960 0.067440
0 0.518940 0.702100 0.065160 0.041560
0 0.547020 0.682440 0.067400 0.044960
0 0.573420 0.713320 0.059560 0.043840
0 0.359360 0.489720 0.047200 0.070800
0 0.411060 0.330700 0.033720 0.060680
0 0.497020 0.213840 0.030360 0.071920
0 0.322840 0.161600 0.039360 0.070800
0 0.347560 0.117220 0.073040 0.038200
0 0.470060 0.093060 0.059560 0.059560
0 0.495900 0.036700 0.037080 0.073400
0 0.504320 0.075620 0.056160 0.060680
0 0.560500 0.063280 0.042680 0.071920
0 0.619500 0.041920 0.066280 0.069680
0 0.552640 0.152620 0.083120 0.037080
0 0.728500 0.081820 0.050600 0.061800
0 0.755460 0.152040 0.055080 0.056160
0 0.801540 0.153740 0.059560 0.057320
0 0.888060 0.214420 0.059560 0.057320
0 0.612760 0.388020 0.041600 0.069640
0 0.948740 0.888060 0.075320 0.040440
0 0.720060 0.404300 0.040440 0.059560
0 0.893120 0.566700 0.069680 0.040440
0 0.943120 0.862220 0.075280 0.049480
0 0.845920 0.758840 0.071920 0.044960
0 0.163500 0.126280 0.055000 0.045280
0 0.260580 0.152160 0.048520 0.071200
0 0.324480 0.038060 0.050160 0.076120
0 0.252620 0.309360 0.040440 0.062960
0 0.134180 0.652200 0.064040 0.050560
0 0.138560 0.818400 0.048320 0.078640
0 0.251500 0.790880 0.056200 0.050560
0 0.290260 0.825140 0.059560 0.044920
0 0.317780 0.814460 0.058440 0.050600
0 0.332960 0.796480 0.050560 0.048320
0 0.389700 0.764440 0.058440 0.047200
0 0.461620 0.747040 0.067400 0.030320
0 0.452620 0.776820 0.060680 0.038200
0 0.462740 0.820080 0.069640 0.034800
0 0.368900 0.848740 0.059560 0.060680
