0 0.883560 0.013780 0.058240 0.027560
0 0.619820 0.188580 0.038840 0.079320
0 0.289720 0.629520 0.048560 0.071200
0 0.356040 0.555080 0.064720 0.061520
0 0.134380 0.085020 0.032360 0.072840
0 0.127900 0.144900 0.061480 0.046920
0 0.117380 0.199080 0.059880 0.071200
0 0.150560 0.182920 0.051760 0.048560
0 0.193420 0.318820 0.024280 0.067960
0 0.222540 0.309940 0.053400 0.063080
0 0.244400 0.212840 0.071200 0.069600
0 0.301840 0.162680 0.069600 0.066320
0 0.166720 0.405400 0.071200 0.040480
0 0.191820 0.438580 0.072840 0.032360
0 0.219320 0.466900 0.056640 0.046920
0 0.194240 0.495220 0.087360 0.032360
0 0.340680 0.407840 0.046960 0.071200
0 0.315580 0.281620 0.067960 0.064760
0 0.376280 0.313160 0.095440 0.056640
0 0.508140 0.342300 0.074440 0.043720
0 0.435340 0.074500 0.061480 0.055000
0 0.462860 0.053480 0.074440 0.029120
0 0.450700 0.140020 0.040440 0.059880
0 0.463660 0.185340 0.046920 0.063080
0 0.506540 0.249260 0.067960 0.042040
0 0.385180 0.536480 0.058280 0.043680
0 0.443440 0.652160 0.071200 0.048560
0 0.416740 0.788900 0.082520 0.046920
0 0.505720 0.746840 0.050160 0.085760
0 0.505740 0.482260 0.089000 0.048520
0 0.607660 0.511380 0.089000 0.045320
0 0.675640 0.688580 0.056640 0.069560
0 0.671580 0.731460 0.055000 0.058280
0 0.724180 0.797800 0.063080 0.064720
0 0.682900 0.895700 0.074440 0.043720
0 0.788100 0.765440 0.061480 0.071200
0 0.851200 0.818040 0.084160 0.043680
0 0.869000 0.716080 0.080880 0.043680
0 0.937780 0.713660 0.059880 0.074440
0 0.729840 0.532420 0.048560 0.061480
0 0.746820 0.576920 0.046920 0.069600
0 0.983040 0.565600 0.033920 0.085760
0 0.756540 0.360900 0.046920 0.067960
0 0.857660 0.331780 0.045320 0.061480
0 0.818820 0.409460 0.038840 0.061480
0 0.856040 0.443420 0.058240 0.038840
0 0.863340 0.413500 0.072840 0.046920
0 0.894900 0.385980 0.038840 0.069560
0 0.737920 0.236320 0.042080 0.071200
0 0.787280 0.254920 0.085760 0.040480
0 0.943440 0.233080 0.051760 0.048560
0 0.958800 0.281620 0.050160 0.067960
0 0.941820 0.175640 0.048520 0.066320
0 0.692620 0.029200 0.051800 0.058240
0 0.724980 0.043760 0.067960 0.045280
0 0.749260 0.087440 0.055000 0.055040
0 0.749260 0.134380 0.051800 0.061480
0 0.555100 0.224980 0.067960 0.061480
0 0.792140 0.120620 0.043720 0.066360
0 0.870620 0.067220 0.084120 0.040440
