0 0.601200 0.455580 0.244320 0.131080
0 0.568840 0.537280 0.215200 0.145600
0 0.723380 0.631140 0.161800 0.190920
0 0.786460 0.557500 0.161800 0.173160
0 0.875480 0.676440 0.113280 0.229760
0 0.932880 0.589880 0.134240 0.234640
0 0.439380 0.754920 0.153720 0.254080
0 0.184520 0.796180 0.242720 0.080920
0 0.249240 0.897280 0.135920 0.205440
0 0.333400 0.905380 0.135920 0.189240
0 0.059100 0.648940 0.118200 0.119720
0 0.209600 0.050200 0.163440 0.100400
0 0.400560 0.088220 0.150480 0.176440
0 0.778400 0.038060 0.207120 0.076120
0 0.449080 0.301840 0.199040 0.234640
0 0.753300 0.375460 0.169880 0.239480
