0 0.504844 0.774938 0.031438 0.022219
0 0.518930 0.753797 0.021672 0.033062
0 0.518664 0.829398 0.012453 0.026016
0 0.502680 0.880062 0.028172 0.021125
0 0.509727 0.897945 0.024922 0.027641
0 0.527602 0.919352 0.021672 0.034672
0 0.548469 0.869227 0.028719 0.017891
0 0.578547 0.950508 0.026000 0.030891
0 0.569602 0.979773 0.027641 0.023297
0 0.599953 0.978148 0.022219 0.024391
0 0.605094 0.988664 0.017344 0.022672
0 0.618102 0.987586 0.016266 0.024828
0 0.542508 0.812867 0.027641 0.021141
0 0.539797 0.779813 0.026562 0.022219
0 0.547391 0.780352 0.018969 0.024391
0 0.553352 0.771953 0.020047 0.028188
0 0.578008 0.839414 0.024922 0.023297
0 0.590195 0.844570 0.020047 0.026016
0 0.605914 0.853773 0.021141 0.026016
0 0.604828 0.877898 0.014625 0.027641
0 0.624883 0.875453 0.023297 0.020594
0 0.628945 0.885758 0.029266 0.015172
0 0.657117 0.920977 0.019516 0.024922
0 0.684219 0.905805 0.021687 0.028172
0 0.679070 0.973000 0.027641 0.016250
0 0.674469 0.983836 0.023844 0.015172
0 0.689641 0.991156 0.023844 0.015719
0 0.699664 0.978148 0.017891 0.017891
0 0.718086 0.967578 0.026547 0.021688
0 0.718359 0.952953 0.024938 0.023844
0 0.743281 0.991922 0.016250 0.016156
0 0.453641 0.581203 0.031969 0.023844
0 0.474227 0.506687 0.039547 0.023313
0 0.489672 0.617781 0.022750 0.015719
0 0.489945 0.628883 0.020047 0.015172
0 0.528687 0.616156 0.023844 0.025469
0 0.560391 0.670617 0.021125 0.026016
0 0.565000 0.597453 0.013000 0.027094
0 0.589656 0.632953 0.024375 0.015719
0 0.627859 0.604773 0.014094 0.034141
0 0.576383 0.587703 0.015172 0.028187
0 0.586406 0.576320 0.018969 0.016266
0 0.592094 0.587977 0.016250 0.014641
0 0.607805 0.579031 0.021672 0.023844
0 0.606992 0.597461 0.026547 0.021672
0 0.577469 0.553023 0.023844 0.019516
0 0.587758 0.520508 0.027109 0.019516
0 0.543594 0.498555 0.025469 0.010297
0 0.531945 0.485008 0.026016 0.013547
0 0.528148 0.474711 0.022766 0.016797
0 0.551992 0.478234 0.019516 0.017344
0 0.561742 0.470648 0.029266 0.021672
0 0.553617 0.455477 0.026016 0.019516
0 0.541695 0.423508 0.014078 0.034672
0 0.522188 0.335719 0.020594 0.019500
0 0.528687 0.323250 0.023844 0.027094
0 0.492648 0.247656 0.026547 0.018969
0 0.506742 0.270961 0.016797 0.027641
0 0.516500 0.275297 0.014625 0.025469
0 0.490750 0.209180 0.023844 0.026547
0 0.414078 0.155531 0.021125 0.028719
0 0.404055 0.140625 0.015172 0.023844
0 0.384539 0.135211 0.018422 0.026016
0 0.430609 0.118414 0.033594 0.026016
0 0.447133 0.150383 0.024391 0.024922
0 0.472602 0.170438 0.012453 0.030344
0 0.484797 0.165016 0.017344 0.030344
0 0.496711 0.178023 0.015172 0.029266
0 0.518398 0.199695 0.018422 0.029266
0 0.505391 0.155805 0.017344 0.036859
0 0.517313 0.165016 0.013000 0.030344
0 0.525438 0.137648 0.028188 0.034141
0 0.550633 0.268789 0.024391 0.020047
0 0.546844 0.282883 0.033063 0.017891
0 0.550359 0.291555 0.027094 0.021141
0 0.569875 0.282344 0.022750 0.033062
0 0.583961 0.270414 0.018422 0.020047
0 0.594805 0.232758 0.019516 0.029266
0 0.488047 0.083195 0.019500 0.032516
0 0.477477 0.044172 0.024391 0.016250
0 0.526250 0.036859 0.024375 0.022219
0 0.532484 0.046609 0.026000 0.023312
0 0.583156 0.064219 0.015719 0.027094
0 0.614852 0.065578 0.028172 0.023313
0 0.538719 0.098633 0.015719 0.025484
0 0.534383 0.120039 0.016797 0.028172
0 0.549820 0.117062 0.022766 0.018969
0 0.565539 0.109203 0.022766 0.020594
0 0.565539 0.135484 0.026016 0.009219
0 0.586406 0.128984 0.025469 0.011375
0 0.619188 0.119766 0.019500 0.029812
0 0.612688 0.152281 0.009750 0.023313
0 0.632461 0.145234 0.017891 0.018969
0 0.626781 0.161766 0.020594 0.021687
0 0.649805 0.154719 0.020047 0.021687
0 0.657117 0.169352 0.021672 0.018422
0 0.651977 0.172609 0.020047 0.017344
0 0.635719 0.179102 0.021125 0.021672
0 0.647906 0.183438 0.019500 0.016250
0 0.660648 0.260937 0.020047 0.020594
0 0.677984 0.228961 0.020062 0.024922
0 0.705898 0.239258 0.032516 0.018422
0 0.717820 0.224359 0.026016 0.018969
0 0.707523 0.321359 0.015172 0.028719
0 0.631117 0.378258 0.011922 0.033047
0 0.587484 0.437594 0.023313 0.017344
0 0.643297 0.467672 0.025469 0.023312
0 0.655492 0.432719 0.018422 0.024938
0 0.656039 0.412664 0.018422 0.024922
0 0.646820 0.540555 0.026016 0.022766
0 0.631109 0.550852 0.027094 0.019516
0 0.664984 0.558437 0.028719 0.017344
0 0.683133 0.568187 0.011922 0.023844
0 0.697492 0.585812 0.027641 0.022219
0 0.681234 0.635664 0.017875 0.016797
0 0.653594 0.648125 0.015719 0.022219
0 0.670672 0.647578 0.017344 0.018969
0 0.698305 0.651641 0.029266 0.023844
0 0.684211 0.673594 0.029266 0.018969
0 0.686109 0.697711 0.022219 0.021672
0 0.683953 0.732391 0.022219 0.027094
0 0.711852 0.713703 0.022766 0.025469
0 0.743281 0.702039 0.019500 0.029266
0 0.716461 0.755156 0.014641 0.030344
0 0.731898 0.758672 0.015172 0.022219
0 0.723508 0.779813 0.024391 0.017875
0 0.754664 0.790914 0.021672 0.022766
0 0.762250 0.812594 0.026000 0.023844
0 0.771188 0.819367 0.018969 0.021141
0 0.784203 0.821805 0.012469 0.028172
0 0.792055 0.825328 0.010828 0.025469
0 0.804789 0.827500 0.017891 0.031969
0 0.806688 0.957008 0.019500 0.026547
0 0.803164 0.983297 0.027641 0.019500
0 0.830805 0.957555 0.027641 0.017891
0 0.835406 0.943461 0.022750 0.013547
0 0.858437 0.971375 0.026562 0.024937
0 0.854102 0.987625 0.030891 0.017344
0 0.866570 0.880602 0.017891 0.027641
0 0.873883 0.871664 0.015172 0.021672
0 0.899625 0.865969 0.015719 0.026562
0 0.888242 0.887109 0.013547 0.026562
0 0.915336 0.892797 0.021141 0.028187
0 0.991406 0.972453 0.017188 0.020594
0 0.987070 0.847547 0.025859 0.020063
0 0.961398 0.833187 0.016797 0.026000
0 0.945414 0.826687 0.016266 0.030344
0 0.924820 0.818555 0.018422 0.022766
0 0.927258 0.791188 0.020047 0.028719
0 0.940531 0.795797 0.020594 0.026000
0 0.966547 0.786312 0.022750 0.023313
0 0.948664 0.775750 0.021672 0.023844
0 0.927531 0.744047 0.022750 0.025469
0 0.948664 0.748648 0.022766 0.015172
0 0.976031 0.750281 0.018969 0.027094
0 0.963836 0.760305 0.021672 0.020047
0 0.974680 0.763555 0.026016 0.014641
0 0.838117 0.736453 0.026016 0.014625
0 0.853563 0.724531 0.016812 0.029812
0 0.863586 0.740789 0.018422 0.030891
0 0.882828 0.745937 0.028719 0.017344
0 0.836219 0.679828 0.025469 0.023844
0 0.841914 0.626180 0.011922 0.017328
0 0.853563 0.624555 0.015719 0.028172
0 0.859258 0.637016 0.021672 0.020594
0 0.708055 0.546789 0.015172 0.031984
0 0.727023 0.553297 0.018422 0.028719
0 0.736516 0.534328 0.012469 0.025469
0 0.750875 0.540562 0.013000 0.023844
0 0.773898 0.455211 0.017891 0.023297
0 0.812648 0.469836 0.016266 0.033047
0 0.851125 0.479047 0.021687 0.035219
0 0.870086 0.442203 0.024922 0.024375
0 0.886891 0.498828 0.013000 0.027094
0 0.902875 0.482297 0.030875 0.018969
0 0.945141 0.503164 0.022219 0.024922
0 0.972516 0.480953 0.023844 0.027094
0 0.928078 0.467672 0.016250 0.029813
0 0.941625 0.460625 0.020594 0.020063
0 0.939992 0.448164 0.021672 0.016797
0 0.985711 0.422961 0.028578 0.019516
0 0.958969 0.342219 0.017344 0.028187
0 0.841375 0.311328 0.030344 0.010844
0 0.792867 0.316477 0.014641 0.021141
0 0.795852 0.278813 0.019516 0.023844
0 0.792594 0.255789 0.020594 0.027641
0 0.806688 0.270961 0.018437 0.026547
0 0.812102 0.259578 0.026016 0.014625
0 0.825930 0.249281 0.013547 0.025469
0 0.877406 0.241156 0.035219 0.014625
0 0.864945 0.226789 0.024391 0.021672
0 0.877672 0.217852 0.020594 0.016797
0 0.901523 0.219750 0.028172 0.014094
0 0.888250 0.210266 0.025469 0.017875
0 0.883906 0.193469 0.025469 0.014625
0 0.729469 0.187500 0.031969 0.018969
0 0.766859 0.187234 0.014625 0.023844
0 0.761437 0.169617 0.029813 0.016797
0 0.739766 0.159602 0.017875 0.021672
0 0.711852 0.152555 0.029266 0.010828
0 0.676898 0.139820 0.017891 0.024391
0 0.670398 0.073977 0.021141 0.022766
0 0.678258 0.088602 0.019516 0.018422
0 0.697227 0.081297 0.026016 0.018969
0 0.730008 0.096195 0.015703 0.026016
0 0.774711 0.117867 0.022766 0.026016
0 0.788805 0.112180 0.016266 0.027641
0 0.786633 0.131961 0.015172 0.022766
0 0.816172 0.098086 0.022219 0.024391
0 0.838656 0.099711 0.031438 0.030891
0 0.781484 0.038758 0.028719 0.018422
0 0.757375 0.009078 0.027094 0.018156
0 0.860336 0.019250 0.019516 0.020594
0 0.895836 0.017344 0.024391 0.018969
0 0.901797 0.028461 0.025469 0.022766
0 0.907484 0.068828 0.031438 0.015719
0 0.941625 0.085898 0.014094 0.029266
0 0.892305 0.131688 0.015172 0.024375
0 0.957875 0.037391 0.014094 0.025469
0 0.987609 0.006367 0.024781 0.012734
0 0.984977 0.086984 0.011922 0.030344
0 0.993844 0.083187 0.012312 0.023844
0 0.899891 0.280445 0.020594 0.024922
0 0.933219 0.276914 0.018969 0.027641
0 0.950562 0.267711 0.021125 0.027641
0 0.977391 0.288023 0.028187 0.018422
0 0.963570 0.306187 0.010297 0.022219
0 0.974133 0.312141 0.011922 0.022219
0 0.968984 0.323797 0.029813 0.022750
0 0.915258 0.645320 0.021453 0.023422
0 0.947766 0.649219 0.024062 0.023406
0 0.972477 0.658648 0.016266 0.026672
0 0.984516 0.668078 0.016906 0.026000
0 0.965977 0.703516 0.018859 0.026656
0 0.985484 0.699617 0.016250 0.025359
0 0.990305 0.721078 0.019391 0.022750
0 0.193789 0.108930 0.024922 0.027641
0 0.283750 0.077227 0.013000 0.031422
0 0.287539 0.128172 0.016266 0.027094
0 0.313008 0.129250 0.022766 0.026000
0 0.318969 0.205930 0.027094 0.024391
0 0.301086 0.230320 0.011922 0.023297
0 0.310305 0.236000 0.011922 0.027094
0 0.282664 0.240070 0.018422 0.020047
0 0.260992 0.250094 0.015172 0.027094
0 0.242289 0.250641 0.013547 0.023844
0 0.251773 0.268250 0.015172 0.028719
0 0.274266 0.271227 0.023313 0.024922
0 0.291609 0.256055 0.015719 0.022766
0 0.307320 0.247656 0.023297 0.015719
0 0.309758 0.259852 0.019516 0.019516
0 0.324937 0.254430 0.014094 0.024922
0 0.337664 0.277734 0.029797 0.022750
0 0.251508 0.298328 0.017891 0.027094
0 0.187016 0.333008 0.023313 0.017328
0 0.226031 0.340594 0.018969 0.026000
0 0.248523 0.344930 0.015172 0.026016
0 0.261258 0.328937 0.031984 0.018969
0 0.223055 0.406703 0.013016 0.030344
0 0.285102 0.414023 0.011391 0.027641
0 0.316266 0.364711 0.013000 0.033047
0 0.333062 0.342766 0.030344 0.013000
0 0.306508 0.319727 0.020578 0.020047
0 0.319242 0.298055 0.014641 0.024391
0 0.321680 0.314852 0.016266 0.026547
0 0.340109 0.305914 0.017344 0.024922
0 0.364219 0.301031 0.023313 0.028188
0 0.407305 0.316477 0.018422 0.029797
0 0.416781 0.341680 0.018969 0.021672
0 0.437648 0.344922 0.021672 0.023844
0 0.469352 0.367422 0.018953 0.025469
0 0.362867 0.434344 0.016266 0.026000
0 0.403781 0.440852 0.017875 0.026016
0 0.264508 0.473359 0.023297 0.021687
0 0.174820 0.537305 0.026016 0.026016
0 0.178078 0.604773 0.019500 0.030891
0 0.223320 0.594477 0.020047 0.024391
0 0.284023 0.518875 0.024391 0.017344
0 0.301086 0.525383 0.021672 0.021672
0 0.307859 0.538930 0.011375 0.026016
0 0.317070 0.537578 0.010297 0.023313
0 0.285914 0.547602 0.011922 0.027109
0 0.274813 0.578219 0.022219 0.015719
0 0.300547 0.576055 0.026000 0.014641
0 0.297836 0.587430 0.022766 0.016797
0 0.251773 0.592852 0.024922 0.017891
0 0.247164 0.600977 0.020047 0.017891
0 0.237687 0.607484 0.020594 0.021125
0 0.266672 0.613984 0.025469 0.022219
0 0.262883 0.651648 0.014641 0.030359
0 0.285648 0.672242 0.024391 0.015172
0 0.304609 0.605039 0.025469 0.015172
0 0.298922 0.618320 0.018438 0.020047
0 0.292422 0.625633 0.017344 0.021672
0 0.313281 0.653000 0.012469 0.022219
0 0.320328 0.661672 0.012469 0.020062
0 0.333875 0.546523 0.022219 0.015172
0 0.325477 0.560063 0.022766 0.016250
0 0.343359 0.560883 0.021687 0.016797
0 0.192703 0.692289 0.017344 0.028172
0 0.169672 0.742961 0.028719 0.015703
0 0.230641 0.820992 0.017344 0.029797
0 0.147461 0.971641 0.030891 0.029813
0 0.196227 0.979234 0.027641 0.033062
0 0.258281 0.948344 0.020594 0.028719
0 0.303797 0.904992 0.017344 0.033047
0 0.292695 0.956742 0.020047 0.037922
0 0.259359 0.991922 0.020594 0.016156
0 0.303258 0.985961 0.017328 0.028078
0 0.322492 0.964328 0.016797 0.021687
0 0.331711 0.947797 0.016797 0.025469
0 0.339023 0.957016 0.018422 0.028719
0 0.342539 0.929102 0.020047 0.029266
0 0.371000 0.965953 0.027094 0.022750
0 0.385359 0.898211 0.025469 0.021672
0 0.407844 0.888188 0.018438 0.035219
0 0.397820 0.912039 0.027641 0.023297
0 0.442523 0.978141 0.031422 0.022219
0 0.451742 0.993547 0.031422 0.012906
0 0.313555 0.745672 0.013016 0.031969
0 0.324125 0.756508 0.011375 0.026547
0 0.336859 0.762195 0.013000 0.033609
0 0.330078 0.736187 0.025469 0.021687
0 0.347961 0.729406 0.026547 0.022219
0 0.344172 0.710711 0.021125 0.026016
0 0.360695 0.705297 0.032516 0.018438
0 0.325750 0.704758 0.028719 0.018422
0 0.317344 0.688500 0.024938 0.017344
0 0.330352 0.686867 0.019516 0.018422
0 0.344438 0.669531 0.031438 0.019500
0 0.360430 0.663570 0.017891 0.024922
0 0.389148 0.724266 0.034141 0.023844
0 0.365844 0.735922 0.018969 0.022219
0 0.366930 0.755961 0.021141 0.021141
0 0.376680 0.769516 0.023297 0.021125
0 0.435750 0.753523 0.022219 0.021672
0 0.429250 0.767883 0.018969 0.016797
0 0.427891 0.782242 0.020594 0.015172
0 0.444148 0.775203 0.021672 0.013000
0 0.457703 0.764633 0.019500 0.030891
0 0.446320 0.810422 0.026016 0.017344
0 0.471789 0.842664 0.013016 0.030891
0 0.485063 0.832102 0.018969 0.030359
0 0.481539 0.789828 0.022766 0.023844
