0 0.485340 0.030700 0.050200 0.061400
0 0.559780 0.029880 0.063080 0.059760
0 0.735340 0.031440 0.048520 0.056640
0 0.787940 0.050860 0.030760 0.059880
0 0.812200 0.081620 0.040480 0.063080
0 0.893920 0.071920 0.061520 0.050160
0 0.965920 0.126920 0.030720 0.069600
0 0.989020 0.116400 0.021960 0.058240
1 0.989020 0.220780 0.021960 0.033960
1 0.989020 0.319500 0.021960 0.053400
0 0.571100 0.215920 0.053400 0.043680
0 0.376120 0.334040 0.042080 0.066320
0 0.423860 0.332440 0.040440 0.063120
0 0.480480 0.308160 0.056640 0.056640
0 0.520140 0.276600 0.032360 0.064720
0 0.549260 0.283880 0.038840 0.056640
0 0.541980 0.324340 0.053400 0.037240
0 0.587280 0.347000 0.034000 0.069600
0 0.554100 0.363180 0.061480 0.053400
0 0.499900 0.346180 0.033960 0.064760
0 0.461080 0.383380 0.050160 0.067960
0 0.394720 0.378540 0.040480 0.061480
0 0.406060 0.460260 0.030760 0.069560
0 0.231300 0.546020 0.063080 0.040440
0 0.335660 0.557360 0.058280 0.063120
0 0.396340 0.578380 0.030760 0.059880
0 0.427080 0.534700 0.072800 0.040440
0 0.332440 0.732100 0.029120 0.069560
0 0.489380 0.751520 0.048520 0.069600
0 0.435180 0.906860 0.046920 0.072840
0 0.566240 0.629360 0.034000 0.071200
0 0.616400 0.569500 0.072800 0.038840
0 0.542780 0.507980 0.045320 0.061480
0 0.567860 0.445700 0.043720 0.063080
0 0.584040 0.493440 0.040480 0.058240
0 0.621260 0.399580 0.076040 0.038840
0 0.635820 0.474820 0.037240 0.059880
0 0.688420 0.452980 0.045320 0.067960
0 0.791980 0.491820 0.051800 0.048520
0 0.826780 0.565440 0.053400 0.059840
0 0.876120 0.567860 0.058240 0.051800
0 0.957840 0.632600 0.050160 0.064720
0 0.680320 0.802500 0.042080 0.061480
0 0.792780 0.813820 0.046920 0.064760
0 0.961880 0.978060 0.061520 0.037240
