0 0.313980 0.678060 0.097080 0.129480
0 0.234700 0.399760 0.067960 0.135920
0 0.472560 0.271100 0.097120 0.124600
0 0.554280 0.325300 0.079280 0.119720
0 0.579340 0.447480 0.132680 0.105200
0 0.381140 0.563180 0.072840 0.132680
0 0.191820 0.652980 0.140760 0.059880
0 0.254920 0.746840 0.124560 0.098720
0 0.260600 0.870620 0.100320 0.119720
0 0.331780 0.813180 0.126200 0.095480
0 0.442620 0.700720 0.147240 0.064720
0 0.598780 0.736320 0.116520 0.113280
0 0.661880 0.521900 0.113280 0.101960
0 0.947480 0.585020 0.076080 0.131080
